00000000000000000000000
00000000000000000000000
00000000000000000000000
00000000000000000000000
00000000000000000000000
00000000000000000000000
00000000000000000000000
00000000000000000000000
00000000000000000000000
00000000000000000000000
00000000000000000000000
00000000000000000000000
00000000000000000000000
00000000000000000000000
00000000000000000000000
00000000000000000000000
00000000000000000000000
00000000000000000000000
00000000000000000000000
00000000000000000000000
00000000000000000000000
00000000000000000000000
00000000000000000000000
00000000000000000000000
00000000000000000000000
00000000000000000000000
00000000000000000000000
00100000000000000000000
00100000000000000000000
00100000000000000000000
00100000000000000000000
00100000000000000000000
00100000000000000000000
00100000000000000000000
00100000000000000000000
00100000000000000000000
00100000000000000000000
00100000000000000000000
00100000000000000000000
00100000000000000000000
00100000000000000000000
00100000000000000000000
00100000000000000000000
00100000000000000000000
00100000000000000000000
00100000000000000000000
10100000000001110000000
11110000000001110000000
11110000000001110000000
11110000000001110000000
11110000000001110000000
11110000000001110000000
11110000000001110000000
11110000000001110000000
11110000000001110000000
11110000000001110000000
11110000000001110000000
11110000000001110000000
11110000000001110000000
11110000000001110000000
11110000000001110000000
11110000000001110000000
11110000000001110000000
11110000000001100000000
11110000000001100000000
11110000000001100000000
11110000000001100000000
11110000000001100000000
11110000000001100000000
11110000000001100000000
11110000000001100000000
11110000000001100000000
11110000000001100000000
11110000000001100000000
11110000000001100000000
11110000000001100000000
11110000000001100000000
11110000000001100000000
11110000000001100000000
11110000000001100000000
11110000000001100000000
11110000000001000000000
11110000000001000000000
11110000000001000000000
11110000000001000000000
11110000000001000000000
11110000000001000000000
11110000000001000000000
11110000000001000000000
11110000000001000000000
11110000000001000000000
11110000000001000000000
11110000000001000000000
11110000000001000000000
11110000000001000000000
11110000000001000000000
11110000000001000000000
11110000000001000000000
11110000000001000000000
11110000000001000000000
11110000000000000000000
11110000000000000000000
11110000000000000000000
11110000000000000000000
11110000000000000000000
11110000000000000000000
11110000000000000000000
11110000000000000000000
11110000000000000000000
11110000000000000000000
11110000000000000000000
11110000000000000000000
11110000000000000000000
11110000000000000000000
11110000000000000000000
11110000000000000000000
11110000000000000000000
11110000000000000000000
11110000000000000000000
11100000000000000000000
11100000000000000000000
11100000000000000000000
11100000000000000000000
11100000000000000000000
11100000000000000000000
11100000000000000000000
11100000000000000000000
11100000000000000000000
11100000000000000000000
11100000000000000000000
11100000000000000000000
11100000000000000000000
11100000000000000000000
11100000000000000000000
11100000000000000000000
11100000000000000000000
11100000000000000000000
11100000000000000000000
11100000000000000000000
11100000000000000000000
11000000000000000000000
11000000000000000000000
11000000000000000000000
11000000000000000000000
11000000000000000000000
11000000000000000000000
11000000000000000000000
11000000000000000000000
11000000000000000000000
11000000000000000000000
11000000000000000000000
11000000000000000000000
11000000000000000000000
11000000000000000000000
11000000000000000000000
11000000000000000000000
11000000000000000000000
11000000000000000000000
11000000000000000000000
10100000000000000000000
10100000000000000000000
10100000000000000000000
10100000000000000000000
10100000000000000000000
10100000000000000000000
10100000000000000000000
10100000000000000000000
10100000000000000000000
10100000000000000000000
10100000000000000000000
10100000000000000000000
10100000000000000000000
10100000000000000000000
10100000000000000000000
10100000000000000000000
10100000000000000000000
10100000000000000000000
10100000000000000000000
10100000000000000000000
10100000000000000000000
11000000000000000000000
11000000000000000000000
11000000000000000000000
11000000000000000000000
11000000000000000000000
11000000000000000000000
11000000000000000000000
11000000000000000000000
11000000000000000000000
11000000000000000000000
11000000000000000000000
11000000000000000000000
11000000000000000000000
11000000000000000000000
11000000000000000000000
11000000000000000000000
11000000000000000000000
11000000000000000000000
11000000000000000000000
11100000000000000000000
11100000000000000000000
11100000000000000000000
11100000000000000000000
11100000000000000000000
11100000000000000000000
11100000000000000000000
11100000000000000000000
11100000000000000000000
11100000000000000000000
11100000000000000000000
11100000000000000000000
11100000000000000000000
11100000000000000000000
11100000000000000000000
11100000000000000000000
11100000000000000000000
11100000000000000000000
11100000000000000000000
11100000000000000000000
11110000000000000000000
11110000000000000000000
11110000000000000000000
11110000000000000000000
11110000000000000000000
11110000000000000000000
11110000000000000000000
11110000000000000000000
11110000000000000000000
11110000000000000000000
11110000000000000000000
11110000000000000000000
11110000000000000000000
11110000000000000000000
11110000000000000000000
11110000000000000000000
11110000000000000000000
11110000000000000000000
11110000000000000000000
11110000000000000000000
11110000000001000000000
11110000000001000000000
11110000000001000000000
11110000000001000000000
11110000000001000000000
11110000000001000000000
11110000000001000000000
11110000000001000000000
11110000000001000000000
11110000000001000000000
11110000000001000000000
11110000000001000000000
11110000000001000000000
11110000000001000000000
11110000000001000000000
11110000000001000000000
11110000000001000000000
11110000000001000000000
11110000000001000000000
11110000000001000000000
11110000000001100000000
11110000000001100000000
11110000000001100000000
11110000000001100000000
11110000000001100000000
11110000000001100000000
11110000000001100000000
11110000000001100000000
11110000000001100000000
11110000000001100000000
11110000000001100000000
11110000000001100000000
11110000000001100000000
11110000000001100000000
11110000000001100000000
11110000000001100000000
11110000000001100000000
11110000000001100000000
11110000000001100000000
11110000000001110000000
11110000000001110000000
11110000000001110000000
11110000000001110000000
11110000000001110000000
11110000000001110000000
11110000000001110000000
11110000000001110000000
11110000000001110000000
11110000000001110000000
11110000000001110000000
11110000000001110000000
11110000000001110000000
11110000000001110000000
11110000000001110000000
11110000000001110000000
11110000000001110000000
11110000000001110000000
11110000000001110000000
11110000000001110000000
01110000000001110000000
00110000000001110000000
00100000000001100000000
00100000000000000000000
00100000000000000000000
00100000000000000000000
00100000000000000000000
00100000000000000000000
00100000000000000000000
00100000000000000000000
00100000000000000000000
00100000000000000000000
00100000000000000000000
00100000000000000000000
00100000000000000000000
00100000000000000000000
00100000000000000000000
00100000000000000000000
00100000000000000000000
00100000000000000000000
00100000000000000000000
00100000000000000000000
00100000000000000000000
00100000000000000000000
00100000000000000000000
00100000000000000000000
00100000000000000000000
00100000000000000000000
00100000000000000000000
00100000000000000000000
00100000000000000000000
00100000000000000000000
00100000000000000000000
00100000000000000000000
00100000000000000000000
00100000000000000000000
00100000000000000000000
00100000000000000000000
00100000000000000000000
00100000000000000000000
00100000000000000000000
